eye -4 0.25 0
look 1 0 0
up 0 1 0
d -4
bounds -4 4 -4 4
res 512 512
recursionlevel 50
samples 1000
sphere 2.2 -3.75 0 1.25 0.9 0.9 0.9 2 #mirror
sphere 10000000005 0 0 10000000000 0.9 0.9 0.9 2 #front
sphere -10000000005 0 0 10000000000 0.9 0.9 0.9 2 #wackyReflector
sphere 0 10000000005 0 10000000000 0.9 0.9 0.9 1 #top
sphere 0 -10000000005 0 10000000000 0.9 0.9 0.9 1 #bottom 
sphere 0 0 10000000005 10000000000 .9 .3 .3 2 #right
sphere 0 0 -10000000005 10000000000 .3 .9 .3 2 #left
sphere 0 804.997 0 800 12 12 12 0 #light
